LITTLE COMPANION:
INTERNAL TRIGGERING



#1
IF G.BTN.V + 112 D: K PN 1 16
IF G.BTN.V + 112 D: J PN 1 17
CV.SLEW 1 * J 200
PROB * K 25: TR.P 1
CV 1 N @; J 0; K 100

#2
IF G.BTN.V + D 64: T 1
IF * T A: @MOVE PN 0 X 0
CV 2 N @; A 1
IF T: TR.P 2; T 0
G.CLR; G.LED @X @Y 8

#3
IF G.BTN.V + D 80: T 1
IF * T B: @MOVE 0 PN 0 Y
CV 3 N @; A 1; B 1
IF T: TR.P 3; T 0
G.CLR; G.LED @X @Y 8

#4
PN 1 16 G.FDR.N 0
PN 1 17 G.FDR.N 1; X 50; Y 50
W < IN V 4: X 48
W > IN V 6: X 49
W < IN V 2: Y 48
W > IN V 8: Y 49

#5

#6
L 0 15: I; $ 7

#7
C SCL 0 V 7 0 84 PRM
IF G.BTN.V I: PN % I 4 / I 4 C
CV 4 N C
DEL 200: $ 8

#8
IF > G.GBTN.C 0 1: $ 6
ELSE: BREAK

#M
IF G.BTN.V 16: $ 4; $ 10; BRK
G.GBTN.L 3 3 3; D O; $ 4
TR.P 4; $ 2; $ 3
IF G.BTN.V + D 96: $ 1
L 4 7: G.BTN.L + D * I 16 10

#I
O 0; @F 0 0 3 3; M BPM 125
O.MAX 15; @WRAP 1; @X 0; @Y 0
G.FDX 0 5 0 5 1 2 5 4 1 2; A 0
G.BTX 0 0 0 1 1 1 5 6 4 4; B 0
G.GBX 3 64 0 4 1 1 1 3 0 16 4
G.GBX 2 16 15 0 1 1 1 5 0 1 1

#P
2	2	2	2
1	1	1	1
0	0	0	0
63	63	63	63

36	36	36	36
36	36	36	36
36	36	36	36
36	36	36	36
0	0	0	0
0	0	0	0
0	0	0	0
0	0	0	0
0	0	0	0
0	0	0	0
0	0	0	0
0	0	0	0
0	0	0	0
0	0	0	0
0	0	0	0
0	0	0	0
0	4	0	0
0	0	0	0
0	0	0	0
0	0	0	0
0	0	0	0
0	0	0	0
1	0	0	0
0	0	0	0
1	0	0	0
0	0	0	0
0	0	0	0
1	0	0	0
0	0	0	0
1	0	0	0
1	0	0	0
1	0	0	0
0	0	0	0
0	0	0	0
0	0	0	0
0	0	0	0
0	0	0	0
0	0	0	0
0	0	0	0
0	0	0	0
0	0	0	0
0	0	0	0
0	0	0	0
0	0	0	0
0	0	0	0
0	0	0	0
0	0	0	0
0	0	0	0
1	0	0	0
255	0	0	0
0	0	0	0
0	0	0	0
0	0	0	0
0	0	0	0
0	0	0	0
0	0	0	0
0	0	0	0
0	0	0	0
0	0	0	0
0	0	0	0
0	0	0	0
0	0	0	0
0	0	0	0
0	0	0	0

#G
0000000000000000
1100000000000000
0000000000000000
0000000000000000
1111111111111111
1000100010001000
0000000000000000
0000000000000000
0000000000000000
0000000000000000
0000000000000000
0000000000000000
0000000000000000
0000000000000000
0000000000000000
0000000000000000

4	0	4	4	0	0	0	0	0	0	0	0	0	0	0	0
0	0	0	0	4	4	0	0	0	0	0	0	0	0	0	0
0	0	0	0	0	0	0	0	0	0	0	0	0	0	0	0
0	0	0	0	0	0	0	0	0	0	0	0	0	0	0	0
