TM
 
 
 
#1
PN.NEXT 2
IF > R PRM: PN.HERE 2 RND 9
CV 1 N PN 0 PN.HERE 2
TR.P 1
 
#2
PN.NEXT 3
IF > R PRM: PN.HERE 3 RND 9
CV 2 N + 12 PN 0 PN.HERE 3
TR.P 2
 
#3
 
#4
 
#5
 
#6
 
#7
 
#8
M LAST 8
 
#M
IF ER 5 8 T: $ 1
IF ER 10 24 T: $ 2
IF ER 13 16 T: TR.P 3
IF ER 9 32 T: TR.P 4
T + T 1
 
#I
L 1 4: TR.TIME I 10
PN.START 0 10; PN.END 0 19
R.MAX 16320
L 1 4: CV.SLEW I 0
 
#P
20	1	8	5
1	1	1	1
10	0	0	0
19	63	63	63
 
0	0	4	5
2	0	8	6
5	0	3	6
7	0	3	4
9	0	4	1
12	0	9	0
14	0	5	0
17	0	6	0
19	0	0	0
21	0	0	0
0	0	0	0
3	0	0	0
5	0	0	0
7	0	0	0
10	0	0	0
12	0	0	0
15	0	0	0
17	0	0	0
19	0	0	0
22	0	0	0
0	0	0	0
0	0	0	0
0	0	0	0
0	0	0	0
0	0	0	0
0	0	0	0
0	0	0	0
0	0	0	0
0	0	0	0
0	0	0	0
0	0	0	0
0	0	0	0
0	0	0	0
0	0	0	0
0	0	0	0
0	0	0	0
0	0	0	0
0	0	0	0
0	0	0	0
0	0	0	0
0	0	0	0
0	0	0	0
0	0	0	0
0	0	0	0
0	0	0	0
0	0	0	0
0	0	0	0
0	0	0	0
0	0	0	0
0	0	0	0
0	0	0	0
0	0	0	0
0	0	0	0
0	0	0	0
0	0	0	0
0	0	0	0
0	0	0	0
0	0	0	0
0	0	0	0
0	0	0	0
0	0	0	0
0	0	0	0
0	0	0	0
0	0	0	0
 
#G
0000000000000000
0000000000000000
0000000000000000
0000000000000000
0000000000000000
0000000000000000
0000000000000000
0000000000000000
0000000000000000
0000000000000000
0000000000000000
0000000000000000
0000000000000000
0000000000000000
0000000000000000
0000000000000000
 
0	0	0	0	0	0	0	0	0	0	0	0	0	0	0	0
0	0	0	0	0	0	0	0	0	0	0	0	0	0	0	0
0	0	0	0	0	0	0	0	0	0	0	0	0	0	0	0
0	0	0	0	0	0	0	0	0	0	0	0	0	0	0	0