CHAOS JF
 
 
 
#1
JF.VOX 1 N -10 - V 4 D
 
#2
JF.VOX 2 N 2 - V 3 D
 
#3
IF > X -3000: $ 4
ELSE: $ 5
IF > Z 2000: A N + 24 PN 0 O
ELSE: A N + 2 - 24 PN 0 O
B + A N 24
 
#4
JF.VOX 3 A V 1
 
#5
JF.VOX 3 A V 1
 
#6
IF > Z 5000: JF.VOX 4 B VV 20
 
#7
 
#8
CV 1 X
CV 2 - - V 10 X PRM
CV 3 - Y X
CV 4 / + ABS X PRM 2
D >> PRM 3
 
#M
Z Y; Y X; X CHAOS; $ 8
IF > X 5000: $ 1
ELIF && < X 5000 > X 0: $ 2
ELIF < X 0: $ 3
$ 6
 
#I
CV.SLEW 4 3000
JF.MODE 1; JF.SHIFT N -13
CHAOS.ALG 2
M 195
O.MIN 0; O.MAX 4
 
#P
5	0	0	0
1	1	1	1
0	0	0	0
63	63	63	63
 
0	0	0	0
2	0	0	0
5	0	0	0
7	0	0	0
10	0	0	0
0	0	0	0
0	0	0	0
0	0	0	0
0	0	0	0
0	0	0	0
0	0	0	0
0	0	0	0
0	0	0	0
0	0	0	0
0	0	0	0
0	0	0	0
0	0	0	0
0	0	0	0
0	0	0	0
0	0	0	0
0	0	0	0
0	0	0	0
0	0	0	0
0	0	0	0
0	0	0	0
0	0	0	0
0	0	0	0
0	0	0	0
0	0	0	0
0	0	0	0
0	0	0	0
0	0	0	0
0	0	0	0
0	0	0	0
0	0	0	0
0	0	0	0
0	0	0	0
0	0	0	0
0	0	0	0
0	0	0	0
0	0	0	0
0	0	0	0
0	0	0	0
0	0	0	0
0	0	0	0
0	0	0	0
0	0	0	0
0	0	0	0
0	0	0	0
0	0	0	0
0	0	0	0
0	0	0	0
0	0	0	0
0	0	0	0
0	0	0	0
0	0	0	0
0	0	0	0
0	0	0	0
0	0	0	0
0	0	0	0
0	0	0	0
0	0	0	0
0	0	0	0
0	0	0	0
 
#G
0000000000000000
0000000000000000
0000000000000000
0000000000000000
0000000000000000
0000000000000000
0000000000000000
0000000000000000
0000000000000000
0000000000000000
0000000000000000
0000000000000000
0000000000000000
0000000000000000
0000000000000000
0000000000000000
 
0	0	0	0	0	0	0	0	0	0	0	0	0	0	0	0
0	0	0	0	0	0	0	0	0	0	0	0	0	0	0	0
0	0	0	0	0	0	0	0	0	0	0	0	0	0	0	0
0	0	0	0	0	0	0	0	0	0	0	0	0	0	0	0