HALF-AWAKE BY NINOSHIRO



#1
G.CLR; A WRP + A 1 0 7
G.REC A 0 1 8 -3 -2
G.REC B 0 1 8 -3 -2
IF EQ -1 P A: BRK
J + P A P B; K + 12 * 12 / J 7
CV 1 N.S K 4 J; TR.P 1

#2
G.CLR; B WRP + B 1 8 PRM
G.REC A 0 1 8 -3 -2
G.REC B 0 1 8 -3 -2
IF EQ X PRM: BRK
L PRM 15: G.FDR.L I 0
L 8 PRM: G.FDR.L I 3; X PRM

#3
J NE G.FDRV P G.FDRX
IF J: P G.FDRX G.FDRV; BRK
K - 0 < G.FDRX 8
G.FDRV K; P G.FDRX K

#4
J > I 7
IF EQ + -1 J P I: BRK
K + RRND -1 1 P I
K LIM K + 0 J + 7 J
IF EQ K P I: BRK
G.FDR.V I K; P I K

#5
L 0 7: SCRIPT 4

#6
L 8 15: SCRIPT 4

#7
A 7

#8
B PRM

#M
M T; SCRIPT 2; SCRIPT 1

#I
G.GFX 0 0 0 0 1 9 3 0 3 8 1
G.GFDR.RN 0 -1 7; A 7
G.GFX 1 8 8 0 1 9 1 3 3 8 1
G.GFDR.RN 1 0 8; B PRM
PARAM.SCALE 8 15
T 250; TR.TIME 1 - T 25

#P
0	0	0	0
1	1	1	1
0	0	0	0
63	63	63	63

0	0	0	0
-1	0	0	0
2	0	0	0
4	0	0	0
5	0	0	0
6	0	0	0
7	0	0	0
6	0	0	0
4	0	0	0
5	0	0	0
0	0	0	0
0	0	0	0
0	0	0	0
0	0	0	0
0	0	0	0
0	0	0	0
0	0	0	0
0	0	0	0
0	0	0	0
0	0	0	0
0	0	0	0
0	0	0	0
0	0	0	0
0	0	0	0
0	0	0	0
0	0	0	0
0	0	0	0
0	0	0	0
0	0	0	0
0	0	0	0
0	0	0	0
0	0	0	0
0	0	0	0
0	0	0	0
0	0	0	0
0	0	0	0
0	0	0	0
0	0	0	0
0	0	0	0
0	0	0	0
0	0	0	0
0	0	0	0
0	0	0	0
0	0	0	0
0	0	0	0
0	0	0	0
0	0	0	0
0	0	0	0
0	0	0	0
0	0	0	0
0	0	0	0
0	0	0	0
0	0	0	0
0	0	0	0
0	0	0	0
0	0	0	0
0	0	0	0
0	0	0	0
0	0	0	0
0	0	0	0
0	0	0	0
0	0	0	0
0	0	0	0
0	0	0	0

#G
0000000000000000
0000000000000000
0000000000000000
0000000000000000
0000000000000000
0000000000000000
0000000000000000
0000000000000000
0000000000000000
0000000000000000
0000000000000000
0000000000000000
0000000000000000
0000000000000000
0000000000000000
0000000000000000

1	0	3	5	6	7	8	7	4	5	0	0	0	0	0	0
0	0	0	0	0	0	0	0	0	0	0	0	0	0	0	0
0	0	0	0	0	0	0	0	0	0	0	0	0	0	0	0
0	0	0	0	0	0	0	0	0	0	0	0	0	0	0	0
