GENERIC ER301 INTERFACE
V 0.1.0



#1
A G.FDRI; B G.FDR.V A
C G.BTNI; D G.BTN.V C
IF EQ G.GRPI 1: SC.CV A B
IF EQ G.GRPI 3: SC.TR C D
IF EQ G.GRPI 4: SC.CV A B

#2

#3

#4

#5

#6

#7
G.BTN.SW G.BTNI
G.GRP.SW SUB G.BTNI 240
G.GRP.EN 0 1

#8
G.GRP 4
G.FDX 40 0 0 14 1 4 9999 1 1 8
G.DIM 2; G.KEY 15 7 1

#M

#I
G.GBX 0 241 15 0 1 1 1 4 7 1 8
G.GFX 1 1 0 0 1 8 5 255 1 14 1
G.GBX 3 30 5 0 1 1 0 4 1 6 3
G.GBX 3 48 5 5 1 1 1 6 1 6 3
$ 8

#P
0	0	0	0
1	1	1	1
0	0	0	0
63	63	63	63

0	0	0	0
0	0	0	0
0	0	0	0
0	0	0	0
0	0	0	0
0	0	0	0
0	0	0	0
0	0	0	0
0	0	0	0
0	0	0	0
0	0	0	0
0	0	0	0
0	0	0	0
0	0	0	0
0	0	0	0
0	0	0	0
0	0	0	0
0	0	0	0
0	0	0	0
0	0	0	0
0	0	0	0
0	0	0	0
0	0	0	0
0	0	0	0
0	0	0	0
0	0	0	0
0	0	0	0
0	0	0	0
0	0	0	0
0	0	0	0
0	0	0	0
0	0	0	0
0	0	0	0
0	0	0	0
0	0	0	0
0	0	0	0
0	0	0	0
0	0	0	0
0	0	0	0
0	0	0	0
0	0	0	0
0	0	0	0
0	0	0	0
0	0	0	0
0	0	0	0
0	0	0	0
0	0	0	0
0	0	0	0
0	0	0	0
0	0	0	0
0	0	0	0
0	0	0	0
0	0	0	0
0	0	0	0
0	0	0	0
0	0	0	0
0	0	0	0
0	0	0	0
0	0	0	0
0	0	0	0
0	0	0	0
0	0	0	0
0	0	0	0
0	0	0	0

#G
0000000000000000
0000000000000000
0000000000000000
0000010000010000
0000000000000000
0000000000000000
0000000000000000
0000000000000000
0000000000000000
0000000000000000
0000000000000000
0000000000000000
0000000000000000
0000000000000000
0000000000000000
0000100000000000

0	7	8	87	55	40	24	0	71	0	55	0	0	87	8	0
0	0	0	0	0	0	0	0	0	0	0	0	0	0	0	0
0	0	0	0	0	0	0	0	7	0	0	40	8	40	151	183
0	0	0	0	0	0	0	0	0	0	0	0	0	0	0	0
