METROTYPE FOR ER-301
$8 CLK - $7 SYNC/RST
P0: NOTES P1: REPEATS P3: MODE
P2: 0-RST 1-SNGL 2-RPT 3-LNG 
P3: SLIDE/SKIP 
P3: 0-NRM 1-SLIDE 2-SKIP



#1
IF LTE X 0: $ 3; BREAK
IF LTE Y 1: $ 2
IF EQ Y 2: TR.P Z; X - X A
IF EQ Y 3: TR Z 1; X - X A

#2
J PN.HERE 1
IF && Y EQ X J: TR.P Z
X SUB X A

#3
J PN.NEXT 3; K * TI.PRM 1 62
IF EZ J: CV.SLEW Z 0
IF EQ J 1: CV.SLEW Z K
TR Z 0
$ 4

#4
CV Z N PN.NEXT 0
X PN.NEXT 1; Y PN.NEXT 2
J + PN.I 0 1; K PN.L 0
IF EQ PN.HERE 3 2: X 0

#5

#6


#7
$ I

#8
T DIV LAST 8 16
T MUL T PRM
TR.TIME Z T
EVERY A: $ 1


#M

#I
L 1 8: $.POL I 1
T 0; X 0; Y 0; Z 1
L 0 3: PN.I I 0; TR + I 1 0
PARAM.SCALE 1 16
TI.PRM.MAP 1 1 16


#P
8	8	8	8
1	1	1	1
0	0	0	0
63	63	63	63

18	4	2	0
24	3	1	1
20	4	2	0
18	3	1	0
24	4	2	0
20	3	1	0
22	4	3	1
16	5	2	0
0	0	0	0
0	0	0	0
0	0	0	0
0	0	0	0
0	0	0	0
0	0	0	0
0	0	0	0
0	0	0	0
0	0	0	0
0	0	0	0
0	0	0	0
0	0	0	0
0	0	0	0
0	0	0	0
0	0	0	0
0	0	0	0
0	0	0	0
0	0	0	0
0	0	0	0
0	0	0	0
0	0	0	0
0	0	0	0
0	0	0	0
0	0	0	0
0	0	0	0
0	0	0	0
0	0	0	0
0	0	0	0
0	0	0	0
0	0	0	0
0	0	0	0
0	0	0	0
0	0	0	0
0	0	0	0
0	0	0	0
0	0	0	0
0	0	0	0
0	0	0	0
0	0	0	0
0	0	0	0
0	0	0	0
0	0	0	0
0	0	0	0
0	0	0	0
0	0	0	0
0	0	0	0
0	0	0	0
0	0	0	0
0	0	0	0
0	0	0	0
0	0	0	0
0	0	0	0
0	0	0	0
0	0	0	0
0	0	0	0
0	0	0	0

#G
0000000000000000
0000000000000000
0000000000000000
0000000000000000
0000000000000000
0000000000000000
0000000000000000
0000000000000000
0000000000000000
0000000000000000
0000000000000000
0000000000000000
0000000000000000
0000000000000000
0000000000000000
0000000000000000

0	0	0	0	0	0	0	0	0	0	0	0	0	0	0	0
0	0	0	0	0	0	0	0	0	0	0	0	0	0	0	0
0	0	0	0	0	0	0	0	0	0	0	0	0	0	0	0
0	0	0	0	0	0	0	0	0	0	0	0	0	0	0	0
