ZULARIC EMULATRIX



#1
A PN.NEXT 0; B - + PN.I 0 15 Y
IF A: TR.PULSE 1
IF A: G.BTN.L B 15
ELSE: G.BTN.L B 5
SCRIPT 2

#2
A PN.NEXT 1; B - + PN.I 1 31 Y
IF A: TR.PULSE 2
IF A: G.BTN.L B 15
ELSE: G.BTN.L B 5
SCRIPT 3

#3
A PN.NEXT 2; B - + PN.I 2 47 Y
IF A: TR.PULSE 3
IF A: G.BTN.L B 15
ELSE: G.BTN.L B 5
SCRIPT 4

#4
A PN.NEXT 3; B - + PN.I 3 63 Y
IF A: TR.PULSE 4
IF A: G.BTN.L B 15
ELSE: G.BTN.L B 5

#5
L 0 3: PN.I I Y
X 0

#6
A G.BTNI; B ? % A 2 -1 1
IF < A 3: PN.I 1 + PN.I 1 B
ELIF < A 5: PN.I 2 + PN.I 2 B
ELSE: PN.I 3 + PN.I 3 B
X + X B

#7
Y * - G.BTNI 7 16
L 0 3: PN.START I Y
L 0 3: PN.END I + Y 15
L 0 3: PN.I I Y
L 0 3: PN.L I 64
L 15 79: G.BTN.L I 5

#8
G.BTX 1 3 5 1 1 0 5 6 2 3
G.BTX 15 0 0 1 1 0 5 0 16 4
G.BTX 7 0 4 1 1 0 5 7 1 4

#M

#I
X 0
Y 0
SCRIPT 8

#P
64	64	64	64
1	1	1	1
48	48	48	48
63	63	63	63

1	1	1	0
0	0	0	0
0	0	1	1
1	1	1	1
0	0	0	0
0	0	1	0
0	0	0	1
1	1	1	1
0	0	1	0
0	0	0	0
1	1	1	1
0	0	0	0
1	1	1	0
0	0	1	0
0	0	0	1
0	0	1	1
1	1	1	0
0	0	0	0
0	0	1	1
1	1	1	1
0	0	0	1
0	0	1	0
1	1	0	1
0	0	1	1
0	0	1	0
0	0	0	0
1	1	1	1
0	0	0	0
1	1	1	0
0	0	1	0
0	0	0	1
0	0	1	1
1	1	1	1
1	1	0	0
0	0	0	0
1	1	0	1
0	0	0	0
1	1	0	0
0	0	0	0
1	1	0	1
0	0	0	0
1	1	0	0
0	0	0	0
1	1	0	1
0	0	0	0
1	1	0	1
0	0	0	0
0	0	0	0
1	0	0	0
0	0	1	1
0	1	0	0
1	0	1	0
0	0	0	0
1	0	1	1
0	1	0	0
0	0	1	0
1	0	0	0
0	0	1	1
0	1	0	0
1	0	1	0
0	0	0	0
1	0	1	1
0	1	0	1
0	0	1	1

#G
0000000000000000
0000000000000000
0000000000000000
0000000000000000
0000000000000000
0000000000000000
0000000000000000
0000000000000000
0000000000000000
0000000000000000
0000000000000000
0000000000000000
0000000000000000
0000000000000000
0000000000000000
0000000000000000

0	0	0	0	0	0	0	0	0	0	0	0	0	0	0	0
0	0	0	0	0	0	0	0	0	0	0	0	0	0	0	0
0	0	0	0	0	0	0	0	0	0	0	0	0	0	0	0
0	0	0	0	0	0	0	0	0	0	0	0	0	0	0	0
