NR GRID VISUALIZER
ROWS 0-3 VISUALIZATION
ROW 4 CLOCK COUNTER
ROW 5 FACTOR
ROW 6 MASK
ROW 7 TRACK SELECT



#1
A -1
L 0 3: $ 2

#2
A + A 1
L 0 15: $ 3

#3
K G.FDR.N + 4 A
J NR PARAM K G.FDR.N A I
IF J: G.LED I A 7
ELSE: G.LED I A 0

#4
J G.BTNI
L 0 3: G.LED I 7 7
G.LED J 7 15
L 0 3: G.GRP.EN I 0
G.GRP.EN J 1

#5
IF NZ G.LED T I: TR.P + 1 I
IF NZ G.LED T I: SC.TR.P + 1 I

#6

#7

#8
G.GFD I I 0 5 16 1 0 7 1
J + 4 I
G.GFD I J 0 6 4 1 0 7 1
IF GT I 0: G.GRP.EN I 0

#M
IF NE X PARAM: $ 1
X PARAM
L 0 15: G.LED I 4 0
T O; G.LED T 4 7
L 0 3: $ 5

#I
PARAM.SCALE 0 31
L 0 3: $ 8
G.GBX 5 0 0 7 1 1 0 7 4 4 1
G.LED 0 7 15
O.MAX 15
L 0 3: SC.TR.TIME I 10

#P
0	0	0	0
1	1	1	1
0	0	0	0
63	63	63	63

0	0	0	0
0	0	0	0
0	0	0	0
0	0	0	0
0	0	0	0
0	0	0	0
0	0	0	0
0	0	0	0
0	0	0	0
0	0	0	0
0	0	0	0
0	0	0	0
0	0	0	0
0	0	0	0
0	0	0	0
0	0	0	0
0	0	0	0
0	0	0	0
0	0	0	0
0	0	0	0
0	0	0	0
0	0	0	0
0	0	0	0
0	0	0	0
0	0	0	0
0	0	0	0
0	0	0	0
0	0	0	0
0	0	0	0
0	0	0	0
0	0	0	0
0	0	0	0
0	0	0	0
0	0	0	0
0	0	0	0
0	0	0	0
0	0	0	0
0	0	0	0
0	0	0	0
0	0	0	0
0	0	0	0
0	0	0	0
0	0	0	0
0	0	0	0
0	0	0	0
0	0	0	0
0	0	0	0
0	0	0	0
0	0	0	0
0	0	0	0
0	0	0	0
0	0	0	0
0	0	0	0
0	0	0	0
0	0	0	0
0	0	0	0
0	0	0	0
0	0	0	0
0	0	0	0
0	0	0	0
0	0	0	0
0	0	0	0
0	0	0	0
0	0	0	0

#G
0000000000000000
0000000000000000
0000000000000000
0000000000000000
0000000000000000
0000000000000000
0000000000000000
0000000000000000
0000000000000000
0000000000000000
0000000000000000
0000000000000000
0000000000000000
0000000000000000
0000000000000000
0000000000000000

0	0	0	0	0	0	0	0	0	0	0	0	0	0	0	0
0	0	0	0	0	0	0	0	0	0	0	0	0	0	0	0
0	0	0	0	0	0	0	0	0	0	0	0	0	0	0	0
0	0	0	0	0	0	0	0	0	0	0	0	0	0	0	0
